camera_matrix:
- - 662.8446609735961
  - 0.0
  - 319.84288316289417
- - 0.0
  - 678.1283667006528
  - 123.34316325181548
- - 0.0
  - 0.0
  - 1.0
dist_coeff:
- - -0.16112330979831999
  - 1.332416148181813
  - -0.05605321236340155
  - -0.00431834554385139
  - -2.63426898217289
rvecs:
- - - -1.0047136563827919
  - - 0.6510029251405899
  - - 1.0242128113704387
- - - -0.3953610760014902
  - - 0.09372627767907421
  - - 1.1579553577463124
- - - -0.1976727989716449
  - - -0.2287587762883123
  - - -0.40898483860848694
- - - -0.4963035819216182
  - - -0.8564289858907534
  - - -1.4098852026795154
- - - 0.48451400582972864
  - - -0.05885994019003558
  - - -0.8339926962683855
- - - -0.19303408901077687
  - - 0.14959298023999118
  - - 0.21774067726427146
- - - -0.5475552668773189
  - - 0.5154280712045101
  - - 1.233144833304536
- - - -0.6945967860982558
  - - 0.5428629202182063
  - - 1.282621080651259
- - - -1.0398140055768808
  - - 0.058751907746888446
  - - 0.325352015025424
- - - -0.40165821807134067
  - - 0.04563205515549204
  - - -0.4334045941798262
- - - -0.10574730645942919
  - - -0.05348028744810686
  - - 0.5912237556993607
- - - -0.7519009937866333
  - - -0.5220302582940872
  - - -1.109094350479214
- - - -0.2336783020117492
  - - 0.09969462782146912
  - - 0.5439152024967598
- - - -0.19343565472730587
  - - -0.37882714777687676
  - - -1.024889291930928
- - - -0.0051660628767021
  - - 0.49307812844098736
  - - 1.1598903572036436
- - - 0.3045328450706781
  - - 0.47429162976511113
  - - -0.688999395702644
- - - -0.19835743509016276
  - - -0.15402963338184353
  - - -1.4155851183509451
- - - -0.2816603005528984
  - - 0.18244534786096714
  - - 1.504933994538547
- - - -0.1991118778435714
  - - 0.05321932485036289
  - - -0.6472190724798075
- - - -0.1432888582327376
  - - -0.5138639113979463
  - - -1.3862627470254034
- - - -0.21465810324347603
  - - 0.02825912496123505
  - - -0.5394833904012558
- - - -0.2964923006911544
  - - -0.3394965367784534
  - - -0.79992256551259
- - - -0.11059298287383221
  - - -0.3559675478085588
  - - 1.087804316249233
- - - -0.3743928976378044
  - - 0.061739059102274806
  - - 1.4539933132281757
- - - -0.07006170759180685
  - - 0.27238427167641444
  - - 1.5590713099997107
- - - -0.3438003392024125
  - - -0.07580541447627205
  - - -1.0953327191227207
- - - -0.1316956692483782
  - - 0.051528952632931925
  - - 1.2297856922326307
- - - -0.2323558719669521
  - - -0.07609942784737683
  - - 0.9729725357558762
- - - -0.8922009981770064
  - - -0.637933386966614
  - - -0.987370357432461
- - - 0.6190603971995561
  - - 0.20116389915739735
  - - -0.7386164497271744
- - - -0.39083858854762166
  - - -0.04831301053181201
  - - -1.5666894372022035
- - - -0.2145149273877484
  - - 0.0564594820422389
  - - 1.23108015907603
- - - -0.48484722151787824
  - - -0.8455590536585617
  - - -1.4276732132190273
- - - -0.1207998540609276
  - - -0.35137467521495874
  - - 0.5900579812973142
- - - -0.8701145410147105
  - - -0.6262288374704599
  - - -1.0671156135412747
- - - -0.15058010830277904
  - - -0.17350094554170023
  - - -1.4904024234374302
- - - -0.17650331683531592
  - - 0.05431982931399916
  - - 0.7954639246327767
- - - -0.3186189009600496
  - - -0.6401318138782118
  - - -1.5242824808783748
- - - -0.3667086432194437
  - - 0.13850935637277037
  - - 0.9406018601376842
- - - -0.4639611949519109
  - - -0.4655739036681676
  - - -1.349273339799927
- - - -0.48336395576686203
  - - -0.5898560181628997
  - - 1.429406145936514
- - - -0.27888598215142546
  - - -0.14653163837489197
  - - -1.0440734026032825
- - - -0.266077456885352
  - - 0.014915547542393319
  - - 0.41233880410550294
- - - -0.20516491901699774
  - - 0.06625698190560414
  - - 1.059001494206138
- - - -0.6387526460421469
  - - -0.43575236932369993
  - - -1.0782686055973585
- - - -0.7022719417093125
  - - 0.04950428303955216
  - - 1.3032615063014108
- - - -0.17002267984943378
  - - 0.28119830044954375
  - - 0.9604252314898272
- - - -0.4501965359931561
  - - -0.583809094947874
  - - -1.4419390108103578
- - - 0.18730837780525256
  - - 0.006931538141233778
  - - 1.3802190044850333
- - - -0.3957617774332029
  - - 0.13012959509746627
  - - 1.5812580668719027
- - - 0.45362288393998595
  - - 0.042865485983671806
  - - -1.331756920674612
- - - 0.2943822661370261
  - - 0.021630539843534347
  - - -0.5806770467864212
- - - 0.18007095272629509
  - - 0.700147322589969
  - - 1.4130760978260786
- - - -0.7114528416041193
  - - 0.6331865422967867
  - - 1.3964734678107722
- - - 0.33033212222543124
  - - -0.8151445549807728
  - - -1.2998009737627223
- - - 0.24585590900200116
  - - 0.7508089431802064
  - - 1.3785788042549125
- - - -0.32689948185659357
  - - -0.21729637554105563
  - - -0.7881730346057215
- - - -0.5546675984702784
  - - -0.6697086448448708
  - - -0.881367643467096
- - - 0.2283055733012748
  - - 0.12365516802308425
  - - -0.724412980847703
- - - 0.032425887683366024
  - - -0.3208495530300567
  - - -1.4744665705308488
- - - -0.3726953009508977
  - - 0.116232028739132
  - - 1.0279585519827317
- - - 0.4621063474102948
  - - 0.8994508252861433
  - - 1.3088935280113414
- - - 0.25743075965209006
  - - -0.5226534707476492
  - - 0.8049709119292882
- - - -0.7225476674184494
  - - -0.48710096553196797
  - - -1.1102125064517905
- - - -0.06300213182438724
  - - -0.38417118086636554
  - - 0.6093848673002652
- - - 0.4180993672140436
  - - 0.11564063319363997
  - - -0.5198043384829306
- - - -0.3841139312743732
  - - 0.05994748458932297
  - - -1.0364469100106428
- - - -0.38199274767260294
  - - -0.09071217863417315
  - - -1.3505980157359467
- - - -0.40388492706050005
  - - -0.025802660709575397
  - - 1.06882607915812
- - - -0.22615608133558018
  - - 0.1185893982926588
  - - 1.298862219893977
- - - -0.14751738909625559
  - - -0.019116505018369753
  - - 1.5668946737147156
- - - -0.25405391284350026
  - - -0.3278806401603431
  - - -1.0640075313213244
- - - -0.15686184260103206
  - - -0.3102872458878409
  - - -1.4993522325774766
- - - -0.5993931759303396
  - - 0.0716888229486448
  - - 0.7053429912258486
- - - -0.21202374564294021
  - - 0.26868529667240604
  - - 1.5384043884758882
- - - -0.2846209935009568
  - - 0.04096909560731006
  - - 0.6060884840604227
- - - -0.11821163261192444
  - - -0.037380404363690355
  - - -0.6233769109315282
- - - 0.4050093721341711
  - - -0.2859475923156488
  - - 0.7090144437862265
- - - -0.33444930034704157
  - - 0.011368426759761331
  - - -0.6087490063332828
- - - -0.1717019835964449
  - - -0.037499512963556955
  - - 0.38061939719730664
- - - -0.3290244288139653
  - - 0.025281272325504582
  - - -1.5390803453003852
- - - 0.5595414878911188
  - - 0.34122431846823553
  - - -1.4363630026781125
- - - -0.19937026887153428
  - - 0.05551586364499584
  - - 0.4605886884406305
- - - 0.6009540916127738
  - - 0.09616344327816395
  - - -0.5363388472342364
- - - -0.24626720271973165
  - - 0.22568997350231176
  - - 1.5096526751105332
- - - -0.9297211973600358
  - - 0.014164481553492009
  - - 0.28332185589212655
- - - -0.19569063944222242
  - - 0.7411693489730437
  - - -0.2565108829352018
- - - -0.28629261822360275
  - - -0.1941104413027882
  - - -1.1768247002490835
- - - -0.5028417889841648
  - - -0.7524315094453854
  - - -1.4456880093926394
- - - -0.8149624889141811
  - - 0.27440939361583067
  - - 1.0745299680557276
- - - -0.08150342913871594
  - - 0.224279236881331
  - - 0.7452569416204209
- - - 0.3451495138163926
  - - 0.4105885329779054
  - - -0.8140383221314037
- - - -0.9428818248203618
  - - -0.6544745137158754
  - - -0.9727258568506559
- - - -0.32195887156139685
  - - -0.1433487540072048
  - - -0.7716662689622052
- - - -0.3655784808856348
  - - -0.37303278558324227
  - - 1.2422065345756315
- - - 0.12643140245446835
  - - 0.22199814854334296
  - - 0.9656682327402363
- - - 0.34069552846008117
  - - -0.05968151374216849
  - - 0.46881238455927826
- - - -0.38994430455808304
  - - -0.27290019758059547
  - - -1.2328331344602768
- - - -0.7015347273342447
  - - -0.33072774436694324
  - - -0.5770047377096892
tvecs:
