camera_matrix:
- - 724.176833579912
  - 0.0
  - 359.31596907405503
- - 0.0
  - 732.8303432014734
  - 287.5547392797496
- - 0.0
  - 0.0
  - 1.0
dist_coeff:
- - 0.29378873863212956
  - -1.8373541176065815
  - 0.023257839359619316
  - 0.0006916380332463798
  - 3.2427465915606657
rvecs:
- - - -0.00841748503620122
  - - -0.0008718306244695762
  - - -1.5371934100480673
- - - -0.023865876797336233
  - - -0.743908781981147
  - - 1.4334951059808434
- - - -0.05398361363201261
  - - -0.6236979948478758
  - - 1.4314552854490121
- - - 0.25767262925684253
  - - 0.14694090867482848
  - - 1.557821684785717
- - - -0.1039107090111345
  - - 0.2041059120756885
  - - -1.5293041206449338
- - - -0.15292286012208406
  - - 0.11465196930508469
  - - -1.5264901125678205
- - - -0.24017989224062794
  - - 0.15124861757807675
  - - -1.516035422482624
- - - -0.155964232056738
  - - 0.1539052965536494
  - - -1.50706448090649
- - - -0.07635044312834284
  - - 0.1108745552318587
  - - -1.5169385358783176
- - - -0.1245643803258758
  - - 0.1564143696049018
  - - -1.5066452477422712
- - - -0.14475081807462775
  - - 0.19906273041140013
  - - -1.4761264641895209
- - - -0.1112725374527456
  - - 0.16897215081575515
  - - -1.4652501549686219
- - - -0.11708041516489229
  - - 0.19897250390202495
  - - -1.4500137362772094
- - - -0.12858884690353806
  - - 0.18281627981124368
  - - -1.4135716341385463
- - - -0.000275773267578001
  - - 0.18074621383151604
  - - -1.4291021274220335
- - - 0.0866199261497846
  - - 0.0942004794739543
  - - -1.4443530098142612
- - - -0.039978012714401816
  - - 0.13509232462397971
  - - -1.4596552045407696
- - - 0.2771502517004284
  - - -0.17685754467138998
  - - -1.1533172582277744
- - - 0.1738264772964403
  - - -0.2241073594262191
  - - -1.3521792526470249
- - - -0.05098720986358732
  - - 0.08473377844941428
  - - -1.4722840526567422
- - - -0.1736192716762159
  - - 0.09523783495421326
  - - -1.51756889899215
- - - -0.1588077288038089
  - - 0.1051514330273579
  - - -1.4942890421728103
- - - -0.2682718861062568
  - - 0.1568265270867032
  - - -1.3895640785148615
- - - -0.19804202522403952
  - - 0.09649814829727456
  - - -1.2350125159954537
- - - -0.017616969376563856
  - - 0.19825484122936962
  - - -1.266272977362256
- - - -0.19683456691804194
  - - -0.0012666741812018651
  - - -1.4073441176773804
- - - -0.19216373628775074
  - - 0.013152240431275495
  - - -1.4206301803941064
- - - -0.19497186818974893
  - - 0.0209110501279967
  - - -1.4300363784658974
- - - 0.13053415627215484
  - - 0.2917879512084737
  - - 1.382851211217788
- - - 0.3506970705153175
  - - -0.25822460268663155
  - - -1.4472214308827958
- - - 0.33486875025649976
  - - -0.17167184839724348
  - - -1.461431771902908
- - - 0.333202680755764
  - - -0.07194163944938603
  - - -1.442474769262636
- - - 0.45365731209887145
  - - 0.025088080765547072
  - - -1.3841592540412697
- - - -0.01317147156408096
  - - -0.16036437220231234
  - - 1.511482926889047
- - - -0.03435681664700511
  - - -0.04911067069295297
  - - 1.5549536216598863
- - - -0.04606276919991361
  - - -0.07259254731549859
  - - 1.5357416756669953
- - - -0.13481250087957958
  - - -0.08485745137132301
  - - 1.5347630004136414
- - - -0.12022710923082129
  - - -0.11826963553948312
  - - 1.5331514839570024
- - - -0.13263611604881537
  - - -0.10476217835826929
  - - 1.5437644460981645
- - - -0.12571678979672604
  - - -0.2207331472719093
  - - 1.5525800420442866
- - - -0.10695194789850404
  - - -0.2358007156696799
  - - 1.5438764781599563
- - - -0.21566469792646617
  - - -0.3756396199093813
  - - 1.4875964717215395
- - - -0.29508954810622545
  - - -0.4277120350136393
  - - 1.4959891657920694
- - - -0.2979887917633257
  - - -0.43154204843500166
  - - 1.4974202627269646
- - - -0.19585355727548281
  - - -0.32499386824133736
  - - 1.5371746913058375
- - - -0.1853335866139739
  - - -0.2969952457743208
  - - 1.5569182504100472
- - - -0.2130123485932363
  - - -0.3049973060780857
  - - 1.5465624995763272
- - - -0.13351783851406301
  - - -0.23213348414056736
  - - 1.5807319282048287
- - - -0.20047289134481808
  - - -0.3621173551758017
  - - 1.6085852773587812
- - - -0.565745819207255
  - - -0.45476540593548415
  - - 1.4953727535526795
- - - -0.5248022245675549
  - - -0.3778265038399551
  - - 1.4766439958579576
- - - -0.49952354143648336
  - - -0.3301279698576709
  - - 1.4727166475505764
- - - -0.4928664437206764
  - - -0.33998575592056035
  - - 1.4769269717550426
- - - -0.4848063081189447
  - - -0.3463280756625458
  - - 1.481340807481357
- - - -0.4739457976215501
  - - -0.3530906230619745
  - - 1.4788242781769665
- - - -0.3228710624181781
  - - -0.34844072501877754
  - - 1.281021102153907
- - - -0.3076186155664712
  - - -0.3638012955235097
  - - 1.2541644776978507
- - - -0.2578800724714623
  - - -0.3242282260382657
  - - 1.2719236141178143
- - - -0.225814357244095
  - - -0.2265863637787352
  - - 1.219330570930245
- - - -0.10782989807978811
  - - -0.004936443007128846
  - - 1.1166456404463543
- - - -0.17675982649562505
  - - -0.2576885144374375
  - - 0.8638435766160025
- - - -0.09002343632762662
  - - -0.49802584424817753
  - - 0.8314228575529417
- - - -0.17893419942186353
  - - -0.5315220604843034
  - - 0.8006923972611493
- - - -0.1958260315172008
  - - -0.5231026461167045
  - - 0.686175021692336
- - - -0.2299236252803768
  - - -0.44316478342658117
  - - 0.44977671706961486
- - - -0.2286683451027313
  - - -0.46239101467612737
  - - 0.47176509016699264
- - - -0.19041939126658844
  - - -0.40931567217760023
  - - 0.5590872802659176
- - - 0.13673083504405056
  - - -0.5029339843431253
  - - -0.3317879179547233
- - - -0.1554411277362769
  - - -0.09548871636271247
  - - 1.2652096721684587
- - - -0.24498497478112527
  - - -0.2430112231462792
  - - 1.2109378627105336
- - - -0.005391797606451163
  - - -0.001748144248521039
  - - 1.1521507035105958
- - - -0.13571883626535533
  - - 0.08559969277653098
  - - 1.1514320496617925
- - - -0.19955144939565717
  - - 0.07239147045251913
  - - 1.157826821411656
- - - -0.3451268526145096
  - - 0.05800066131448894
  - - 1.2511297777150854
- - - -0.3555941514227356
  - - -0.03884373333914636
  - - 1.4703509004315527
- - - 0.013134884743927407
  - - -0.4574081499969578
  - - -1.4249168122448486
- - - 0.15758600737173625
  - - -0.2247774445420756
  - - -1.533892822254939
- - - 0.036329363925353055
  - - -0.2958572904033745
  - - -1.4325704209311172
- - - 0.012643897135413251
  - - -0.27430396075716545
  - - -1.414061367928016
- - - 0.021185214743634478
  - - -0.26384771004489477
  - - -1.4117949349128531
- - - 0.04869266952171447
  - - -0.2929200059735841
  - - -1.4270858149406338
- - - 0.07520026487926713
  - - -0.24176831066158946
  - - -1.4207202211019194
- - - 0.019504998103922602
  - - -0.20588456364450894
  - - -1.4298575669861866
- - - -0.23011781929580857
  - - -0.13257282636850745
  - - -1.4332678237305971
- - - -0.08234885320401758
  - - 0.25616666223205237
  - - 1.560192631226089
- - - -0.1260070567817526
  - - 0.27947565453450524
  - - 1.5724288275461353
- - - -0.0652838734227386
  - - 0.16396698422663922
  - - 1.578494138138479
- - - 0.1667846832344071
  - - 0.26420167063778915
  - - 1.5523650626692975
tvecs:
- - - -1.3895765861956715
  - - -3.6035009760882057
  - - 29.478649971261582
- - - 2.543933321007352
  - - -9.329602755027658
  - - 29.39952847435768
- - - 2.4107065219075445
  - - -9.41806073189875
  - - 30.32218196713061
- - - 2.871535111750635
  - - -8.86769570239461
  - - 30.599091950091562
- - - -2.159226320982994
  - - -1.588803663800045
  - - 33.141802446145746
- - - -2.320698604806019
  - - -1.5864097480869948
  - - 32.23127544554909
- - - -2.2458568453938197
  - - -1.5134683997277938
  - - 32.29826507693777
- - - -2.2392461509227344
  - - -1.5354340036565943
  - - 32.90004130765961
- - - -2.160420478606164
  - - -1.4865365115101061
  - - 32.96301188178585
- - - -2.0673467207622718
  - - -1.1949002725631896
  - - 33.29727342692657
- - - -2.317258807474695
  - - -0.44879790832369093
  - - 33.587302622454146
