camera_matrix:
- - 636.0602010768314
  - 0.0
  - 349.5187466308163
- - 0.0
  - 632.7698242459767
  - 251.96223150023636
- - 0.0
  - 0.0
  - 1.0
dist_coeff:
- - 0.12218557771135156
  - -0.7348176545987049
  - 0.013704823968920346
  - 0.0016601331104474817
  - 0.04025689243136572
rvecs:
- - - -0.2513051648326958
  - - 0.17870581724651746
  - - -0.1001134692023362
- - - -0.21108512600824753
  - - 0.08638277907014817
  - - -0.059690618940782744
- - - -0.20251184184261323
  - - 0.11861560484626484
  - - -0.04585273785024294
- - - -0.1859501405410195
  - - 0.15006510891967106
  - - -0.027308933826671603
- - - -0.21150984382151894
  - - 0.15732115074139
  - - -0.03441403899404156
- - - -0.21656840808388794
  - - 0.16339786072121343
  - - -0.03856573739573037
- - - -0.22457393806830006
  - - 0.16843652455663322
  - - -0.041878179669882075
- - - -0.23593083448488014
  - - 0.17329372959948236
  - - -0.04379158852896881
- - - -0.24341243206890323
  - - 0.17806904189765657
  - - -0.0439895687952646
- - - -0.26884257090654395
  - - 0.183136517914127
  - - -0.04874995357111931
- - - -0.27928222679785764
  - - 0.19888200573992704
  - - -0.04716247519564629
- - - -0.34030619153424946
  - - 0.22894428158513713
  - - -0.06677956400694039
- - - -0.3350051823306562
  - - -0.12485953891673672
  - - 0.05211136232077235
- - - -0.30781466491165854
  - - -0.16054911739729372
  - - 0.020942823630655104
- - - -0.16347560182024784
  - - 0.060733162809990394
  - - -0.08380299127131234
- - - -0.26090997841019353
  - - 0.2865407454429673
  - - -0.079526542012206
- - - -0.23004522070695077
  - - 0.25944748898106607
  - - -0.09612759972654938
- - - -0.2428242922309164
  - - 0.2477740207855475
  - - -0.09636391597536913
- - - -0.24264447622734242
  - - 0.21849573679003173
  - - -0.08738217794736126
- - - -0.25472178032260623
  - - 0.2079802038443617
  - - -0.08886654079000524
- - - -0.24705779886530177
  - - 0.19752212717157308
  - - -0.08126229453549687
- - - -0.2460668203507682
  - - 0.17714087940335074
  - - -0.07578526729428547
- - - -0.23420713613580024
  - - 0.15447308856130024
  - - -0.08131485757746952
- - - -0.2600324316657627
  - - 0.16540684256997937
  - - -0.08304140260063014
- - - -0.2626528600393535
  - - 0.17546154991529803
  - - -0.07116333516905474
- - - -0.2323915134507825
  - - 0.1660223912029673
  - - -0.0744725893624362
- - - -0.2024269234814371
  - - 0.1781722984443259
  - - -0.08088724924619133
- - - -0.04133134292582473
  - - 0.1603773684940299
  - - -0.10443605277513386
- - - 0.11879944828495831
  - - 0.19903821142938127
  - - -0.13002152070329745
- - - 0.24714637767264885
  - - 0.15669546287990346
  - - -0.1537661027034105
- - - 0.2572971578179932
  - - 0.17142591914601327
  - - -0.1597087493453921
- - - 0.31664802103469697
  - - 0.14538149727954125
  - - -0.1589687573721433
- - - 0.341269758041879
  - - 0.15969000773266334
  - - -0.162430266927376
- - - 0.39677971095669723
  - - 0.14735401604959314
  - - -0.16987300979091627
- - - 0.3515854701290681
  - - 0.18411622150956775
  - - -0.17963681784868682
- - - 0.07693053531753385
  - - 0.2003759938371812
  - - -0.13387757975003847
tvecs:
- - - -0.8714749056336166
  - - -0.8988131155382697
  - - 17.858951543830784
- - - -1.3691740403982235
  - - -2.52017570754692
  - - 17.942955281878643
- - - -0.7556109689716616
  - - -2.6502541217544238
  - - 18.376407992796086
- - - -0.518483075149643
  - - -2.5843758793459646
  - - 18.55085802909868
- - - -0.6764133628625926
  - - -2.358331665277398
  - - 18.74615475415816
- - - -0.712681010569082
  - - -2.285554889622992
  - - 18.79649866375794
- - - -0.6958407215071333
  - - -2.2136830119025097
  - - 18.880821785182253
- - - -0.6882460772480016
  - - -2.1013679919441897
  - - 18.902049289233613
- - - -0.6387490630742421
  - - -2.08348249434317
  - - 18.927232659318793
- - - -0.5341746689564831
  - - -2.0020024375123397
  - - 19.013761189010808
- - - -0.40350361425765413
  - - -1.9714735596906225
  - - 19.05808072593939
- - - -0.0915913508683696
  - - -1.809958081232462
  - - 19.44402718582129
- - - 0.21561996173114575
  - - -2.4598743520004476
  - - 18.605610646528163
- - - -0.017140719848246437
  - - -2.3837802176791882
  - - 18.308565929436668
- - - -0.6075785172641676
  - - -2.9245082718740116
  - - 16.816522399912905
- - - -1.4260572325873953
  - - -2.3462882479760316
  - - 21.651060538873086
- - - -2.016960440426842
  - - -2.046308364173323
  - - 21.823018999861254
- - - -2.048783601098302
  - - -1.9915035232316813
  - - 21.97252250804345
- - - -2.347372213992747
  - - -1.9909961196381027
  - - 21.93821755309902
- - - -2.7088657283962037
  - - -1.9087027787744062
  - - 22.055949494726228
- - - -2.8826489863453477
  - - -1.9339566359820979
  - - 21.892427990232033
- - - -3.1333371743801384
  - - -1.997014330828978
  - - 21.725857135390832
- - - -3.237939707979275
  - - -2.1267814444617286
  - - 21.679716264342595
- - - -3.304569350888494
  - - -2.4297851422193606
  - - 22.01539013796514
- - - -3.61363781907427
  - - -2.8559224544253214
  - - 22.27273707590703
- - - -4.052462930031009
  - - -3.490205274402471
  - - 22.831286378351813
- - - -4.496751976393102
  - - -4.0113177986556305
  - - 23.103642302601276
- - - -5.122929487699926
  - - -4.976642110142995
  - - 22.862973334983927
- - - -5.274756238025259
  - - -5.261712982390561
  - - 22.300884888828136
- - - -5.363477176231668
  - - -5.287867858512226
  - - 21.650211929756264
- - - -5.363607806763132
  - - -5.347625469046579
  - - 21.728805462178403
- - - -5.567377567995384
  - - -5.185045799959645
  - - 21.275296304548167
- - - -5.872849111465519
  - - -4.996286972232904
  - - 21.008344820325036
- - - -6.003047871323825
  - - -4.798138164776939
  - - 20.906475969687502
- - - -5.682857829322527
  - - -4.526276547053276
  - - 21.109425715627555
- - - -5.164180087703326
  - - -3.964358661945065
  - - 21.695101913085946
